thermal_soft = [   7  30  70
   7  47 107
   8  82 156
  33 113 181
  66 146 199
  90 160 205
 120 191 214
 170 220 230
 219 245 255
 240 252 255
 255 240 245
 255 224 224
 252 187 170
 252 146 114
 251 106  74
 240  60  43
 204  24  30
 166  15  20
 120  10  15
  95   0   0]/255;

ncldef = [ 128   31  239
 124   29  239
 119   28  240
 114   26  242
 107   26  242
 103   24  242
  96   22  244
  91   21  244
  86   19  244
  80   17  246
  73   17  246
  66   15  246
  61   14  248
  54   12  249
  47   10  249
  42    8  249
  35    7  251
  28    5  251
  21    3  251
  14    3  253
   7    1  253
   0    0  255
   3    5  253
   5   12  251
  10   17  249
  12   24  249
  17   29  246
  19   35  246
  22   42  244
  26   47  242
  28   52  242
  33   56  239
  35   61  239
  38   66  237
  42   72  235
  45   75  235
  47   80  232
  51   84  232
  52   89  230
  56   93  228
  59   96  226
  61  100  226
  65  105  225
  63  105  226
  61  107  226
  59  107  228
  59  110  230
  56  110  232
  56  112  232
  54  114  235
  52  116  235
  51  117  237
  49  119  239
  47  121  239
  45  123  242
  43  124  242
  42  126  244
  40  130  246
  38  131  246
  36  133  249
  35  135  249
  33  138  251
  31  140  253
  28  144  255
  28  144  255
  26  147  255
  24  149  255
  24  151  255
  22  153  255
  21  154  255
  19  158  255
  17  160  255
  17  161  255
  15  163  255
  14  165  255
  12  168  255
  10  170  255
   8  172  255
   8  175  255
   7  177  255
   5  179  255
   3  182  255
   1  184  255
   1  188  255
   0  191  255
   7  191  253
  14  191  253
  21  191  251
  28  191  251
  35  191  251
  40  191  249
  47  193  249
  54  193  248
  61  193  248
  68  193  246
  75  195  246
  82  195  244
  87  195  244
  94  196  244
 100  198  242
 107  198  242
 114  200  242
 121  200  240
 126  202  239
 133  202  239
 140  205  239
 142  205  239
 145  207  239
 149  209  239
 151  211  239
 154  212  240
 158  214  240
 161  214  242
 163  216  242
 168  218  242
 170  219  242
 174  221  244
 177  221  244
 179  223  244
 184  225  244
 186  226  246
 189  228  246
 193  230  246
 196  230  246
 200  232  248
 202  233  248
 207  235  249
 255  255  200
 255  253  191
 255  253  184
 255  253  177
 255  251  170
 255  251  163
 255  249  156
 255  249  149
 255  248  142
 255  246  135
 255  246  128
 255  244  121
 255  242  114
 255  240  107
 255  239   98
 255  237   91
 255  235   84
 255  233   77
 255  230   70
 255  228   63
 255  226   56
 255  225   49
 255  221   47
 255  219   45
 255  218   42
 255  214   40
 255  212   38
 255  211   35
 255  207   33
 255  205   29
 255  202   28
 255  200   26
 255  198   22
 255  195   21
 255  193   19
 255  189   15
 255  186   14
 255  184   10
 255  181    8
 255  179    7
 255  175    3
 255  172    1
 255  170    0
 255  167    0
 255  163    0
 255  161    0
 255  158    0
 255  154    0
 255  151    0
 255  149    0
 255  147    0
 255  144    0
 255  140    0
 255  137    0
 255  135    0
 255  131    0
 255  128    0
 255  126    0
 255  124    0
 255  121    0
 255  117    0
 255  114    0
 255  112    0
 255  110    0
 255  103    0
 255   98    0
 255   93    0
 255   89    0
 255   82    0
 255   77    0
 255   73    0
 255   68    0
 255   61    0
 255   56    0
 255   52    0
 255   47    0
 255   40    0
 255   35    0
 255   31    0
 255   26    0
 255   19    0
 255   15    0
 255   10    0
 255    5    0
 255    0    0
 251    0    0
 249    0    0
 246    0    0
 244    0    0
 240    0    0
 239    0    0
 235    0    0
 233    0    0
 230    0    0
 228    0    0
 226    0    0
 223    0    0
 219    0    0
 218    0    0
 214    0    0
 212    0    0
 209    0    0
 207    0    0
 205    0    0
 202    0    0
 200    0    0
 202    5    5
 205   12   12
 207   19   19
 209   26   26
 212   35   35
 214   42   42
 218   49   49
 219   58   58
 223   66   66
 226   75   75
 228   82   82
 230   91   91
 233  100  100
 235  110  110
 239  119  119
 240  128  128
 244  137  137
 246  147  147
 249  156  156
 251  167  167
 255  177  177
]/255;

templevs = [   7  30  70
   7  47 107
   8  82 156
  33 113 181
  66 146 199
  90 160 205
 120 191 214
 170 220 230
 219 245 255
 240 252 255
 255 240 245
 255 224 224
 252 187 170
 252 146 114
 251 106  74
 240  60  43
 204  24  30
 166  15  20
 120  10  15
  95   0   0];
templevs = templevs/255;

